0.040871592155470926
0.5565982013485216
0.6673414242300731
0.28240791837407675
0.3819051920237671
0.2254657544396233
0.6922499234346638
0.43279469398505044
0.5796007248200249
0.6169604643128939
1.0738423275203575
0.9252120585654925
0.8835637624977364
0.6638118134796387
1.294842286040161
0.7622700355768746
0.6141292465507515
0.19681515073647035
0.14873427115031174
0.4634110031409535
0.865058900955445
************
0.77
0.7
0.55
0.78
0.95
0.67
0.8
0.87
0.6
0.88
0.72
0.58
0.7
0.76
0.58
0.81
0.74
0.67
0.82
0.62
0.82
